		5dxy    5dyz    5dz2	5dxz    5dx2-y2 
  55 14.067   0.051   0.086   0.140   0.111   0.129
  56 14.150   0.072   0.103   0.157   0.086   0.123
  57 14.003   0.081   0.110   0.133   0.087   0.075
  58 14.118   0.054   0.108   0.170   0.081   0.138
  59 14.093   0.110   0.095   0.170   0.075   0.087
  60 14.083   0.112   0.081   0.173   0.085   0.088
  61 14.115   0.069   0.121   0.150   0.080   0.078
  62 14.125   0.101   0.096   0.176   0.080   0.104
  63 14.051   0.100   0.103   0.167   0.068   0.096
  64 14.160   0.158   0.090   0.188   0.087   0.069
  65 14.058   0.095   0.104   0.152   0.103   0.077
  66 14.090   0.095   0.115   0.164   0.076   0.136
  67 14.240   0.114   0.118   0.124   0.134   0.098
  68 14.103   0.112   0.087   0.170   0.086   0.091
  69 14.019   0.087   0.098   0.168   0.064   0.089
  70 14.058   0.092   0.087   0.149   0.096   0.092
  71 14.076   0.092   0.120   0.145   0.093   0.096
  72 14.138   0.143   0.071   0.176   0.089   0.098
  73 14.185   0.124   0.139   0.137   0.092   0.085
  74 14.158   0.110   0.099   0.143   0.130   0.106
  75 14.050   0.093   0.120   0.129   0.097   0.044
  76 14.044   0.099   0.079   0.156   0.088   0.067
  77 14.073   0.104   0.083   0.156   0.082   0.078
  78 14.071   0.122   0.103   0.166   0.078   0.056
  79 14.038   0.064   0.066   0.176   0.081   0.129
  80 14.055   0.057   0.074   0.141   0.089   0.121
  81 14.036   0.099   0.087   0.143   0.095   0.067
  82 14.058   0.082   0.091   0.158   0.087   0.085
  83 14.104   0.099   0.087   0.171   0.074   0.088
  84 14.019   0.100   0.102   0.153   0.072   0.061
  85 14.080   0.056   0.111   0.128   0.082   0.117
  86 14.064   0.069   0.104   0.148   0.093   0.089
  87 14.475   0.159   0.122   0.142   0.135   0.164
  90 14.551   0.163   0.130   0.191   0.132   0.163
  93 14.536   0.167   0.154   0.177   0.133   0.164
  96 14.648   0.178   0.185   0.211   0.152   0.177
  99 14.634   0.176   0.155   0.180   0.160   0.173
 102 14.589   0.176   0.171   0.203   0.141   0.173
 105 14.610   0.179   0.165   0.187   0.160   0.176
 108 14.567   0.166   0.137   0.204   0.138   0.169
 111 14.622   0.177   0.155   0.185   0.173   0.172
 114 14.601   0.172   0.166   0.201   0.146   0.173
 117 14.535   0.164   0.129   0.164   0.140   0.158
 120 14.537   0.169   0.154   0.174   0.132   0.169
 123 14.548   0.162   0.133   0.194   0.137   0.163
 126 14.595   0.167   0.151   0.186   0.151   0.170
 129 14.516   0.170   0.136   0.149   0.135   0.157
 132 14.577   0.170   0.134   0.182   0.155   0.171
